1,4,9,8,0,0,0,0,0,0,1,2,3,4
0,5,1,1,1,1,1,1,0,0,1,2,3,4
1,6,8,8,1,1,0,0,0,0,1,2,3,4
0,6,11,12,13,14,15,16,17,18,1,2,3,4
1,4,9,8,0,0,0,0,0,0,1,2,3,4
0,5,1,1,1,1,1,1,0,0,1,2,3,4
1,5,8,8,1,1,0,0,0,0,1,2,3,4
0,4,11,12,13,14,15,16,17,18,1,2,3,4
1,6,9,8,0,0,0,0,0,0,1,2,3,4
0,6,1,1,1,1,1,1,0,0,1,2,3,4
1,5,8,8,1,1,0,0,0,0,1,2,3,4
0,5,11,12,13,14,15,16,17,18,1,2,3,4
1,6,9,8,0,0,0,0,0,0,1,2,3,4
0,4,1,1,1,1,1,1,0,0,1,2,3,4
1,5,8,8,1,1,0,0,0,0,1,2,3,4
0,4,11,12,13,14,15,16,17,18,1,2,3,4
1,4,9,8,0,0,0,0,0,0,1,2,3,4
0,5,1,1,1,1,1,1,0,0,1,2,3,4
1,6,8,8,1,1,0,0,0,0,1,2,3,4
0,6,11,12,13,14,15,16,17,18,1,2,3,4
1,4,9,8,0,0,0,0,0,0,1,2,3,4
0,5,1,1,1,1,1,1,0,0,1,2,3,4
1,5,8,8,1,1,0,0,0,0,1,2,3,4
0,4,11,12,13,14,15,16,17,18,1,2,3,4
1,6,9,8,0,0,0,0,0,0,1,2,3,4
0,6,1,1,1,1,1,1,0,0,1,2,3,4
1,5,8,8,1,1,0,0,0,0,1,2,3,4
0,5,11,12,13,14,15,16,17,18,1,2,3,4
1,6,9,8,0,0,0,0,0,0,1,2,3,4
0,4,1,1,1,1,1,1,0,0,1,2,3,4
1,5,8,8,1,1,0,0,0,0,1,2,3,4
0,4,11,12,13,14,15,16,17,18,1,2,3,4
1,4,9,8,0,0,0,0,0,0,1,2,3,4
0,5,1,1,1,1,1,1,0,0,1,2,3,4
1,6,8,8,1,1,0,0,0,0,1,2,3,4
0,6,11,12,13,14,15,16,17,18,1,2,3,4
1,4,9,8,0,0,0,0,0,0,1,2,3,4
0,5,1,1,1,1,1,1,0,0,1,2,3,4
1,5,8,8,1,1,0,0,0,0,1,2,3,4
0,4,11,12,13,14,15,16,17,18,1,2,3,4
1,6,9,8,0,0,0,0,0,0,1,2,3,4
0,6,1,1,1,1,1,1,0,0,1,2,3,4
1,5,8,8,1,1,0,0,0,0,1,2,3,4
0,5,11,12,13,14,15,16,17,18,1,2,3,4
1,6,9,8,0,0,0,0,0,0,1,2,3,4
0,4,1,1,1,1,1,1,0,0,1,2,3,4
1,5,8,8,1,1,0,0,0,0,1,2,3,4
0,4,11,12,13,14,15,16,17,18,1,2,3,4
1,4,9,8,0,0,0,0,0,0,1,2,3,4
0,5,1,1,1,1,1,1,0,0,1,2,3,4
1,6,8,8,1,1,0,0,0,0,1,2,3,4
0,6,11,12,13,14,15,16,17,18,1,2,3,4
1,4,9,8,0,0,0,0,0,0,1,2,3,4
0,5,1,1,1,1,1,1,0,0,1,2,3,4
1,5,8,8,1,1,0,0,0,0,1,2,3,4
0,4,11,12,13,14,15,16,17,18,1,2,3,4
1,6,9,8,0,0,0,0,0,0,1,2,3,4
0,6,1,1,1,1,1,1,0,0,1,2,3,4
1,5,8,8,1,1,0,0,0,0,1,2,3,4
0,5,11,12,13,14,15,16,17,18,1,2,3,4
1,6,9,8,0,0,0,0,0,0,1,2,3,4
0,4,1,1,1,1,1,1,0,0,1,2,3,4
1,5,8,8,1,1,0,0,0,0,1,2,3,4
0,4,11,12,13,14,15,16,17,18,1,2,3,4
1,4,9,8,0,0,0,0,0,0,1,2,3,4
0,5,1,1,1,1,1,1,0,0,1,2,3,4
1,6,8,8,1,1,0,0,0,0,1,2,3,4
0,6,11,12,13,14,15,16,17,18,1,2,3,4
1,4,9,8,0,0,0,0,0,0,1,2,3,4
0,5,1,1,1,1,1,1,0,0,1,2,3,4
1,5,8,8,1,1,0,0,0,0,1,2,3,4
0,4,11,12,13,14,15,16,17,18,1,2,3,4
1,6,9,8,0,0,0,0,0,0,1,2,3,4
0,6,1,1,1,1,1,1,0,0,1,2,3,4
1,5,8,8,1,1,0,0,0,0,1,2,3,4
0,5,11,12,13,14,15,16,17,18,1,2,3,4
1,6,9,8,0,0,0,0,0,0,1,2,3,4
0,4,1,1,1,1,1,1,0,0,1,2,3,4
1,5,8,8,1,1,0,0,0,0,1,2,3,4
0,4,11,12,13,14,15,16,17,18,1,2,3,4
1,4,9,8,0,0,0,0,0,0,1,2,3,4
0,5,1,1,1,1,1,1,0,0,1,2,3,4
1,6,8,8,1,1,0,0,0,0,1,2,3,4
0,6,11,12,13,14,15,16,17,18,1,2,3,4
1,4,9,8,0,0,0,0,0,0,1,2,3,4
0,5,1,1,1,1,1,1,0,0,1,2,3,4
1,5,8,8,1,1,0,0,0,0,1,2,3,4
0,4,11,12,13,14,15,16,17,18,1,2,3,4
1,6,9,8,0,0,0,0,0,0,1,2,3,4
0,6,1,1,1,1,1,1,0,0,1,2,3,4
1,5,8,8,1,1,0,0,0,0,1,2,3,4
0,5,11,12,13,14,15,16,17,18,1,2,3,4
1,6,9,8,0,0,0,0,0,0,1,2,3,4
0,4,1,1,1,1,1,1,0,0,1,2,3,4
1,5,8,8,1,1,0,0,0,0,1,2,3,4
0,4,11,12,13,14,15,16,17,18,1,2,3,4
1,4,9,8,0,0,0,0,0,0,1,2,3,4
0,5,1,1,1,1,1,1,0,0,1,2,3,4
1,6,8,8,1,1,0,0,0,0,1,2,3,4
0,6,11,12,13,14,15,16,17,18,1,2,3,4
1,4,9,8,0,0,0,0,0,0,1,2,3,4
0,5,1,1,1,1,1,1,0,0,1,2,3,4
1,5,8,8,1,1,0,0,0,0,1,2,3,4
0,4,11,12,13,14,15,16,17,18,1,2,3,4
1,6,9,8,0,0,0,0,0,0,1,2,3,4
0,6,1,1,1,1,1,1,0,0,1,2,3,4
1,5,8,8,1,1,0,0,0,0,1,2,3,4
0,5,11,12,13,14,15,16,17,18,1,2,3,4
1,6,9,8,0,0,0,0,0,0,1,2,3,4
0,4,1,1,1,1,1,1,0,0,1,2,3,4
1,5,8,8,1,1,0,0,0,0,1,2,3,4
0,4,11,12,13,14,15,16,17,18,1,2,3,4
1,4,9,8,0,0,0,0,0,0,1,2,3,4
0,5,1,1,1,1,1,1,0,0,1,2,3,4
1,6,8,8,1,1,0,0,0,0,1,2,3,4
0,6,11,12,13,14,15,16,17,18,1,2,3,4
1,4,9,8,0,0,0,0,0,0,1,2,3,4
0,5,1,1,1,1,1,1,0,0,1,2,3,4
1,5,8,8,1,1,0,0,0,0,1,2,3,4
0,4,11,12,13,14,15,16,17,18,1,2,3,4
1,6,9,8,0,0,0,0,0,0,1,2,3,4
0,6,1,1,1,1,1,1,0,0,1,2,3,4
1,5,8,8,1,1,0,0,0,0,1,2,3,4
0,5,11,12,13,14,15,16,17,18,1,2,3,4
1,6,9,8,0,0,0,0,0,0,1,2,3,4
0,4,1,1,1,1,1,1,0,0,1,2,3,4
1,5,8,8,1,1,0,0,0,0,1,2,3,4
0,4,11,12,13,14,15,16,17,18,1,2,3,4
1,4,9,8,0,0,0,0,0,0,1,2,3,4
0,5,1,1,1,1,1,1,0,0,1,2,3,4
1,6,8,8,1,1,0,0,0,0,1,2,3,4
0,6,11,12,13,14,15,16,17,18,1,2,3,4
1,4,9,8,0,0,0,0,0,0,1,2,3,4
0,5,1,1,1,1,1,1,0,0,1,2,3,4
1,5,8,8,1,1,0,0,0,0,1,2,3,4
0,4,11,12,13,14,15,16,17,18,1,2,3,4
1,6,9,8,0,0,0,0,0,0,1,2,3,4
0,6,1,1,1,1,1,1,0,0,1,2,3,4
1,5,8,8,1,1,0,0,0,0,1,2,3,4
0,5,11,12,13,14,15,16,17,18,1,2,3,4
1,6,9,8,0,0,0,0,0,0,1,2,3,4
0,4,1,1,1,1,1,1,0,0,1,2,3,4
1,5,8,8,1,1,0,0,0,0,1,2,3,4
0,4,11,12,13,14,15,16,17,18,1,2,3,4
1,4,9,8,0,0,0,0,0,0,1,2,3,4
0,5,1,1,1,1,1,1,0,0,1,2,3,4
1,6,8,8,1,1,0,0,0,0,1,2,3,4
0,6,11,12,13,14,15,16,17,18,1,2,3,4
1,4,9,8,0,0,0,0,0,0,1,2,3,4
0,5,1,1,1,1,1,1,0,0,1,2,3,4
1,5,8,8,1,1,0,0,0,0,1,2,3,4
0,4,11,12,13,14,15,16,17,18,1,2,3,4
1,6,9,8,0,0,0,0,0,0,1,2,3,4
0,6,1,1,1,1,1,1,0,0,1,2,3,4
1,5,8,8,1,1,0,0,0,0,1,2,3,4
0,5,11,12,13,14,15,16,17,18,1,2,3,4
1,6,9,8,0,0,0,0,0,0,1,2,3,4
0,4,1,1,1,1,1,1,0,0,1,2,3,4
1,5,8,8,1,1,0,0,0,0,1,2,3,4
0,4,11,12,13,14,15,16,17,18,1,2,3,4
1,4,9,8,0,0,0,0,0,0,1,2,3,4
0,5,1,1,1,1,1,1,0,0,1,2,3,4
1,6,8,8,1,1,0,0,0,0,1,2,3,4
0,6,11,12,13,14,15,16,17,18,1,2,3,4
1,4,9,8,0,0,0,0,0,0,1,2,3,4
0,5,1,1,1,1,1,1,0,0,1,2,3,4
1,5,8,8,1,1,0,0,0,0,1,2,3,4
0,4,11,12,13,14,15,16,17,18,1,2,3,4
1,6,9,8,0,0,0,0,0,0,1,2,3,4
0,6,1,1,1,1,1,1,0,0,1,2,3,4
1,5,8,8,1,1,0,0,0,0,1,2,3,4
0,5,11,12,13,14,15,16,17,18,1,2,3,4
1,6,9,8,0,0,0,0,0,0,1,2,3,4
0,4,1,1,1,1,1,1,0,0,1,2,3,4
1,5,8,8,1,1,0,0,0,0,1,2,3,4
0,4,11,12,13,14,15,16,17,18,1,2,3,4
1,4,9,8,0,0,0,0,0,0,1,2,3,4
0,5,1,1,1,1,1,1,0,0,1,2,3,4
1,6,8,8,1,1,0,0,0,0,1,2,3,4
0,6,11,12,13,14,15,16,17,18,1,2,3,4
1,4,9,8,0,0,0,0,0,0,1,2,3,4
0,5,1,1,1,1,1,1,0,0,1,2,3,4
1,5,8,8,1,1,0,0,0,0,1,2,3,4
0,4,11,12,13,14,15,16,17,18,1,2,3,4
1,6,9,8,0,0,0,0,0,0,1,2,3,4
0,6,1,1,1,1,1,1,0,0,1,2,3,4
1,5,8,8,1,1,0,0,0,0,1,2,3,4
0,5,11,12,13,14,15,16,17,18,1,2,3,4
1,6,9,8,0,0,0,0,0,0,1,2,3,4
0,4,1,1,1,1,1,1,0,0,1,2,3,4
1,5,8,8,1,1,0,0,0,0,1,2,3,4
0,4,11,12,13,14,15,16,17,18,1,2,3,4
1,4,9,8,0,0,0,0,0,0,1,2,3,4
0,5,1,1,1,1,1,1,0,0,1,2,3,4
1,6,8,8,1,1,0,0,0,0,1,2,3,4
0,6,11,12,13,14,15,16,17,18,1,2,3,4
1,4,9,8,0,0,0,0,0,0,1,2,3,4
0,5,1,1,1,1,1,1,0,0,1,2,3,4
1,5,8,8,1,1,0,0,0,0,1,2,3,4
0,4,11,12,13,14,15,16,17,18,1,2,3,4
1,6,9,8,0,0,0,0,0,0,1,2,3,4
0,6,1,1,1,1,1,1,0,0,1,2,3,4
1,5,8,8,1,1,0,0,0,0,1,2,3,4
0,5,11,12,13,14,15,16,17,18,1,2,3,4
1,6,9,8,0,0,0,0,0,0,1,2,3,4
0,4,1,1,1,1,1,1,0,0,1,2,3,4
1,5,8,8,1,1,0,0,0,0,1,2,3,4
0,4,11,12,13,14,15,16,17,18,1,2,3,4
1,4,9,8,0,0,0,0,0,0,1,2,3,4
0,5,1,1,1,1,1,1,0,0,1,2,3,4
1,6,8,8,1,1,0,0,0,0,1,2,3,4
0,6,11,12,13,14,15,16,17,18,1,2,3,4
1,4,9,8,0,0,0,0,0,0,1,2,3,4
0,5,1,1,1,1,1,1,0,0,1,2,3,4
1,5,8,8,1,1,0,0,0,0,1,2,3,4
0,4,11,12,13,14,15,16,17,18,1,2,3,4
1,6,9,8,0,0,0,0,0,0,1,2,3,4
0,6,1,1,1,1,1,1,0,0,1,2,3,4
1,5,8,8,1,1,0,0,0,0,1,2,3,4
0,5,11,12,13,14,15,16,17,18,1,2,3,4
1,6,9,8,0,0,0,0,0,0,1,2,3,4
0,4,1,1,1,1,1,1,0,0,1,2,3,4
1,5,8,8,1,1,0,0,0,0,1,2,3,4
0,4,11,12,13,14,15,16,17,18,1,2,3,4
1,4,9,8,0,0,0,0,0,0,1,2,3,4
0,5,1,1,1,1,1,1,0,0,1,2,3,4
1,6,8,8,1,1,0,0,0,0,1,2,3,4
0,6,11,12,13,14,15,16,17,18,1,2,3,4
1,4,9,8,0,0,0,0,0,0,1,2,3,4
0,5,1,1,1,1,1,1,0,0,1,2,3,4
1,5,8,8,1,1,0,0,0,0,1,2,3,4
0,4,11,12,13,14,15,16,17,18,1,2,3,4
1,6,9,8,0,0,0,0,0,0,1,2,3,4
0,6,1,1,1,1,1,1,0,0,1,2,3,4
1,5,8,8,1,1,0,0,0,0,1,2,3,4
0,5,11,12,13,14,15,16,17,18,1,2,3,4
1,6,9,8,0,0,0,0,0,0,1,2,3,4
0,4,1,1,1,1,1,1,0,0,1,2,3,4
1,5,8,8,1,1,0,0,0,0,1,2,3,4
0,4,11,12,13,14,15,16,17,18,1,2,3,4
1,4,9,8,0,0,0,0,0,0,1,2,3,4
0,5,1,1,1,1,1,1,0,0,1,2,3,4
1,6,8,8,1,1,0,0,0,0,1,2,3,4
0,6,11,12,13,14,15,16,17,18,1,2,3,4
1,4,9,8,0,0,0,0,0,0,1,2,3,4
0,5,1,1,1,1,1,1,0,0,1,2,3,4
1,5,8,8,1,1,0,0,0,0,1,2,3,4
0,4,11,12,13,14,15,16,17,18,1,2,3,4
1,6,9,8,0,0,0,0,0,0,1,2,3,4
0,6,1,1,1,1,1,1,0,0,1,2,3,4
1,5,8,8,1,1,0,0,0,0,1,2,3,4
0,5,11,12,13,14,15,16,17,18,1,2,3,4
1,6,9,8,0,0,0,0,0,0,1,2,3,4
0,4,1,1,1,1,1,1,0,0,1,2,3,4
1,5,8,8,1,1,0,0,0,0,1,2,3,4
0,4,11,12,13,14,15,16,17,18,1,2,3,4
1,4,9,8,0,0,0,0,0,0,1,2,3,4
0,5,1,1,1,1,1,1,0,0,1,2,3,4
1,6,8,8,1,1,0,0,0,0,1,2,3,4
0,6,11,12,13,14,15,16,17,18,1,2,3,4
1,4,9,8,0,0,0,0,0,0,1,2,3,4
0,5,1,1,1,1,1,1,0,0,1,2,3,4
1,5,8,8,1,1,0,0,0,0,1,2,3,4
0,4,11,12,13,14,15,16,17,18,1,2,3,4
1,6,9,8,0,0,0,0,0,0,1,2,3,4
0,6,1,1,1,1,1,1,0,0,1,2,3,4
1,5,8,8,1,1,0,0,0,0,1,2,3,4
0,5,11,12,13,14,15,16,17,18,1,2,3,4
1,6,9,8,0,0,0,0,0,0,1,2,3,4
0,4,1,1,1,1,1,1,0,0,1,2,3,4
1,5,8,8,1,1,0,0,0,0,1,2,3,4
0,4,11,12,13,14,15,16,17,18,1,2,3,4
1,4,9,8,0,0,0,0,0,0,1,2,3,4
0,5,1,1,1,1,1,1,0,0,1,2,3,4
1,6,8,8,1,1,0,0,0,0,1,2,3,4
0,6,11,12,13,14,15,16,17,18,1,2,3,4
1,4,9,8,0,0,0,0,0,0,1,2,3,4
0,5,1,1,1,1,1,1,0,0,1,2,3,4
1,5,8,8,1,1,0,0,0,0,1,2,3,4